202411010500    11.079    -4.558     0.971     0.000     0.000     0.000     0.000
   0.000   0.000   0.000   0.000   0.000   0.000   0.000   0.000   0.000   0.000   0.000   0.000   0.000   0.000   0.000   0.000   0.000   0.000   0.000   0.000   0.000   0.000   0.000   0.000
   0.000   0.000   0.000   0.000   0.000   0.000   0.000   0.000   0.000   0.000   0.000   0.000   0.000   0.000   0.000   0.000   0.000   0.000   0.000   0.000   0.000   0.000   0.000   0.000
   0.000   0.000   0.000   0.000   0.000   0.000   0.000   0.000   0.000   0.000   0.000   0.000   0.000   0.000   0.000   0.000   0.000   0.000   0.000   0.000   0.000   0.000   0.000   0.000
   0.000   0.000   0.000   0.000   0.000   0.000   0.000   0.000   0.000   0.000   0.000   0.000   0.000   0.000   0.000   0.000   0.000   0.000   0.000   0.000   0.000   0.000   0.000   0.000
   0.000   0.000   0.000   0.283   0.444   0.208   0.000   0.000   0.000   0.000   0.000   1.227   0.000   0.000   0.000   0.283   0.444   0.208   0.000   0.000   0.000   0.000   0.000   1.227
   0.000   0.000   0.000   0.377   0.266   0.318   0.000   0.104   0.038   0.000   0.121   0.835   0.000   0.000   0.000   0.377   0.266   0.318   0.000   0.104   0.038   0.000   0.121   0.835
   0.000   0.000   0.000   0.345   0.201   0.254   0.230   0.159   0.154   0.000   0.538   0.597   0.000   0.000   0.000   0.345   0.201   0.254   0.230   0.159   0.154   0.000   0.538   0.597
   0.000   1.677   0.171   0.244   0.254   0.694   0.287   0.182   0.235   0.106   0.526   0.572   0.000   1.677   0.171   0.244   0.254   0.694   0.287   0.182   0.235   0.106   0.526   0.572
   0.000   2.851   1.455   0.673   0.444   0.002   0.127   0.145   0.175   0.489   0.200   1.067   0.000   2.851   1.455   0.673   0.444   0.002   0.127   0.145   0.175   0.489   0.200   1.067
   0.000   0.031   0.525   0.235   0.007   0.162   0.013   0.020   0.422   0.298   0.406   0.695   0.000   0.031   0.525   0.235   0.007   0.162   0.013   0.020   0.422   0.298   0.406   0.695
   0.000   0.922   0.888   0.188   0.196   0.000   0.018   0.185   0.008   0.000   0.000   1.079   0.000   0.922   0.888   0.188   0.196   0.000   0.018   0.185   0.008   0.000   0.000   1.079
   0.000   0.140   0.363   0.415   0.080   0.000   0.000   0.111   0.228   0.071   0.000   0.955   0.000   0.140   0.363   0.415   0.080   0.000   0.000   0.111   0.228   0.071   0.000   0.955
   0.000   0.674   0.179   0.197   0.122   0.214   0.130   0.103   0.138   0.042   0.000   0.983   0.000   0.674   0.179   0.197   0.122   0.214   0.130   0.103   0.138   0.042   0.000   0.983
   0.000   0.282   0.106   0.172   0.156   0.028   0.108   0.125   0.160   0.096   0.002   0.479   0.000   0.282   0.106   0.172   0.156   0.028   0.108   0.125   0.160   0.096   0.002   0.479
   0.000   0.154   0.232   0.125   0.105   0.108   0.104   0.135   0.092   0.173   0.177   0.584   0.000   0.154   0.232   0.125   0.105   0.108   0.104   0.135   0.092   0.173   0.177   0.584
   0.000   0.278   0.233   0.225   0.077   0.101   0.043   0.063   0.057   0.096   0.044   0.466   0.000   0.278   0.233   0.225   0.077   0.101   0.043   0.063   0.057   0.096   0.044   0.466
   0.000   0.206   0.101   0.100   0.094   0.150   0.045   0.057   0.092   0.090   0.072   0.369   0.000   0.206   0.101   0.100   0.094   0.150   0.045   0.057   0.092   0.090   0.072   0.369
   0.000   0.116   0.071   0.083   0.052   0.127   0.127   0.083   0.087   0.085   0.078   0.365   0.000   0.116   0.071   0.083   0.052   0.127   0.127   0.083   0.087   0.085   0.078   0.365
   0.000   0.017   0.084   0.055   0.070   0.123   0.078   0.023   0.074   0.069   0.063   0.318   0.000   0.017   0.084   0.055   0.070   0.123   0.078   0.023   0.074   0.069   0.063   0.318
   0.000   0.012   0.093   0.074   0.059   0.070   0.034   0.062   0.055   0.040   0.046   0.276   0.000   0.012   0.093   0.074   0.059   0.070   0.034   0.062   0.055   0.040   0.046   0.276
   0.000   0.000   0.000   0.000   0.000   0.000   0.000   0.000   0.000   0.000   0.000   0.000   0.000   0.000   0.000   0.000   0.000   0.000   0.000   0.000   0.000   0.000   0.000   0.000
   0.000   0.000   0.000   0.000   0.000   0.000   0.000   0.000   0.000   0.000   0.000   0.000   0.000   0.000   0.000   0.000   0.000   0.000   0.000   0.000   0.000   0.000   0.000   0.000
   0.000   0.000   0.000   0.000   0.000   0.000   0.000   0.000   0.000   0.000   0.000   0.000   0.000   0.000   0.000   0.000   0.000   0.000   0.000   0.000   0.000   0.000   0.000   0.000
   0.000   0.000   0.000   0.000   0.000   0.000   0.000   0.000   0.000   0.000   0.000   0.000   0.000   0.000   0.000   0.000   0.000   0.000   0.000   0.000   0.000   0.000   0.000   0.000
   0.000   0.000   0.000   0.000   0.000   0.000   0.000   0.000   0.000   0.000   0.000   0.000   0.000   0.000   0.000   0.000   0.000   0.000   0.000   0.000   0.000   0.000   0.000   0.000
202411010500    11.837    -4.754     0.972     0.000     0.000     0.000     0.000
   0.000   0.000   0.000   0.000   0.000   0.000   0.000   0.000   0.000   0.000   0.000   0.000   0.000   0.000   0.000   0.000   0.000   0.000   0.000   0.000   0.000   0.000   0.000   0.000
   0.000   0.000   0.000   0.000   0.000   0.000   0.000   0.000   0.000   0.000   0.000   0.000   0.000   0.000   0.000   0.000   0.000   0.000   0.000   0.000   0.000   0.000   0.000   0.000
   0.000   0.000   0.000   0.000   0.000   0.000   0.000   0.000   0.000   0.000   0.000   0.000   0.000   0.000   0.000   0.000   0.000   0.000   0.000   0.000   0.000   0.000   0.000   0.000
   0.000   0.000   0.000   0.000   0.000   0.000   0.000   0.000   0.000   0.000   0.000   0.000   0.000   0.000   0.000   0.000   0.000   0.000   0.000   0.000   0.000   0.000   0.000   0.000
   0.000   0.000   0.000   0.000   0.000   0.000   0.000   0.000   0.000   0.000   0.000   1.872   0.000   0.000   0.000   0.000   0.000   0.000   0.000   0.000   0.000   0.000   0.000   1.872
   0.305   0.000   0.000   0.000   0.000   0.000   0.000   0.000   0.000   0.000   0.000   0.338   0.305   0.000   0.000   0.000   0.000   0.000   0.000   0.000   0.000   0.000   0.000   0.338
   4.154   0.000   0.000   0.000   0.000   0.000   0.000   0.000   0.000   0.000   0.000   0.396   4.154   0.000   0.000   0.000   0.000   0.000   0.000   0.000   0.000   0.000   0.000   0.396
   5.096   0.000   0.000   0.000   0.000   0.000   0.000   0.000   0.000   0.000   0.000   0.464   5.096   0.000   0.000   0.000   0.000   0.000   0.000   0.000   0.000   0.000   0.000   0.464
   3.068   0.000   0.000   0.000   0.000   0.000   0.000   0.000   0.000   0.000   0.000   1.807   3.068   0.000   0.000   0.000   0.000   0.000   0.000   0.000   0.000   0.000   0.000   1.807
   3.773   0.000   0.000   0.000   0.000   0.000   0.000   0.000   0.000   0.000   0.000   2.010   3.773   0.000   0.000   0.000   0.000   0.000   0.000   0.000   0.000   0.000   0.000   2.010
   2.355   0.000   0.000   0.000   0.000   0.000   0.000   0.000   0.000   0.000   0.000   0.694   2.355   0.000   0.000   0.000   0.000   0.000   0.000   0.000   0.000   0.000   0.000   0.694
   2.744   0.000   0.000   0.000   0.000   0.000   0.000   0.000   0.000   0.000   0.000   2.639   2.744   0.000   0.000   0.000   0.000   0.000   0.000   0.000   0.000   0.000   0.000   2.639
   2.140   0.000   0.000   0.000   0.000   0.000   0.000   0.000   0.000   0.000   0.000   1.508   2.140   0.000   0.000   0.000   0.000   0.000   0.000   0.000   0.000   0.000   0.000   1.508
   0.419   0.000   0.000   0.000   0.000   0.000   0.000   0.000   0.000   0.000   0.000   0.790   0.419   0.000   0.000   0.000   0.000   0.000   0.000   0.000   0.000   0.000   0.000   0.790
   0.222   0.000   0.000   0.000   0.000   0.000   0.000   0.000   0.000   0.000   0.000   0.514   0.222   0.000   0.000   0.000   0.000   0.000   0.000   0.000   0.000   0.000   0.000   0.514
   0.000   0.000   0.000   0.000   0.000   0.000   0.000   0.000   0.000   0.000   0.000   0.330   0.000   0.000   0.000   0.000   0.000   0.000   0.000   0.000   0.000   0.000   0.000   0.330
   0.000   0.000   0.000   0.000   0.000   0.000   0.000   0.000   0.000   0.000   0.000   0.441   0.000   0.000   0.000   0.000   0.000   0.000   0.000   0.000   0.000   0.000   0.000   0.441
   0.302   0.000   0.000   0.000   0.000   0.000   0.000   0.000   0.000   0.000   0.000   0.570   0.302   0.000   0.000   0.000   0.000   0.000   0.000   0.000   0.000   0.000   0.000   0.570
   0.633   0.000   0.000   0.000   0.000   0.000   0.000   0.000   0.000   0.000   0.000   0.301   0.633   0.000   0.000   0.000   0.000   0.000   0.000   0.000   0.000   0.000   0.000   0.301
   0.006   0.000   0.000   0.000   0.000   0.000   0.000   0.000   0.000   0.000   0.000   0.084   0.006   0.000   0.000   0.000   0.000   0.000   0.000   0.000   0.000   0.000   0.000   0.084
   0.000   0.000   0.000   0.000   0.000   0.000   0.000   0.000   0.000   0.000   0.000   0.000   0.000   0.000   0.000   0.000   0.000   0.000   0.000   0.000   0.000   0.000   0.000   0.000
   0.000   0.000   0.000   0.000   0.000   0.000   0.000   0.000   0.000   0.000   0.000   0.000   0.000   0.000   0.000   0.000   0.000   0.000   0.000   0.000   0.000   0.000   0.000   0.000
   0.000   0.000   0.000   0.000   0.000   0.000   0.000   0.000   0.000   0.000   0.000   0.000   0.000   0.000   0.000   0.000   0.000   0.000   0.000   0.000   0.000   0.000   0.000   0.000
   0.000   0.000   0.000   0.000   0.000   0.000   0.000   0.000   0.000   0.000   0.000   0.000   0.000   0.000   0.000   0.000   0.000   0.000   0.000   0.000   0.000   0.000   0.000   0.000
   0.000   0.000   0.000   0.000   0.000   0.000   0.000   0.000   0.000   0.000   0.000   0.000   0.000   0.000   0.000   0.000   0.000   0.000   0.000   0.000   0.000   0.000   0.000   0.000
202411010500    10.948    -5.240     0.981     0.000     0.000     0.000     0.000
   0.000   0.000   0.000   0.000   0.000   0.000   0.000   0.000   0.000   0.000   0.000   0.000   0.000   0.000   0.000   0.000   0.000   0.000   0.000   0.000   0.000   0.000   0.000   0.000
   0.000   0.000   0.000   0.000   0.000   0.000   0.000   0.000   0.000   0.000   0.000   0.000   0.000   0.000   0.000   0.000   0.000   0.000   0.000   0.000   0.000   0.000   0.000   0.000
   0.000   0.000   0.000   0.000   0.000   0.000   0.000   0.000   0.000   0.000   0.000   0.000   0.000   0.000   0.000   0.000   0.000   0.000   0.000   0.000   0.000   0.000   0.000   0.000
   0.000   0.000   0.000   0.000   0.000   0.000   0.000   0.000   0.000   0.000   0.000   0.000   0.000   0.000   0.000   0.000   0.000   0.000   0.000   0.000   0.000   0.000   0.000   0.000
   0.000   0.000   0.000   0.354   0.009   0.000   0.000   0.000   0.000   0.046   0.609   0.000   0.000   0.000   0.000   0.354   0.009   0.000   0.000   0.000   0.000   0.046   0.609   0.000
   0.000   0.000   0.879   0.742   0.740   0.446   0.348   0.212   0.000   0.083   0.794   0.568   0.000   0.000   0.879   0.742   0.740   0.446   0.348   0.212   0.000   0.083   0.794   0.568
   0.000   0.000   0.874   0.479   0.420   0.098   0.228   0.000   0.400   0.311   0.349   0.418   0.000   0.000   0.874   0.479   0.420   0.098   0.228   0.000   0.400   0.311   0.349   0.418
   0.105   0.490   0.838   0.359   0.229   0.276   0.212   0.000   0.000   0.000   0.000   0.000   0.105   0.490   0.838   0.359   0.229   0.276   0.212   0.000   0.000   0.000   0.000   0.000
   0.110   0.867   0.777   0.720   0.691   0.058   0.000   0.000   0.000   0.000   0.000   1.449   0.110   0.867   0.777   0.720   0.691   0.058   0.000   0.000   0.000   0.000   0.000   1.449
   0.016   0.370   1.110   0.527   0.159   0.385   0.000   0.000   0.000   0.000   0.000   0.039   0.016   0.370   1.110   0.527   0.159   0.385   0.000   0.000   0.000   0.000   0.000   0.039
   1.184   0.738   1.061   0.259   0.143   0.397   0.273   0.000   0.000   0.000   0.321   0.765   1.184   0.738   1.061   0.259   0.143   0.397   0.273   0.000   0.000   0.000   0.321   0.765
   0.022   0.000   0.639   0.685   0.202   0.120   0.205   0.310   0.243   0.227   0.424   0.662   0.022   0.000   0.639   0.685   0.202   0.120   0.205   0.310   0.243   0.227   0.424   0.662
   0.000   0.000   0.161   0.491   0.221   0.120   0.216   0.152   0.127   0.167   0.366   0.586   0.000   0.000   0.161   0.491   0.221   0.120   0.216   0.152   0.127   0.167   0.366   0.586
   0.000   0.240   0.242   0.097   0.155   0.121   0.088   0.068   0.115   0.068   0.280   0.440   0.000   0.240   0.242   0.097   0.155   0.121   0.088   0.068   0.115   0.068   0.280   0.440
   0.000   0.093   0.287   0.200   0.197   0.262   0.060   0.080   0.118   0.112   0.264   0.155   0.000   0.093   0.287   0.200   0.197   0.262   0.060   0.080   0.118   0.112   0.264   0.155
   0.000   0.015   0.144   0.160   0.154   0.131   0.105   0.126   0.098   0.121   0.109   0.031   0.000   0.015   0.144   0.160   0.154   0.131   0.105   0.126   0.098   0.121   0.109   0.031
   0.000   0.000   0.100   0.142   0.161   0.175   0.084   0.122   0.104   0.071   0.082   0.143   0.000   0.000   0.100   0.142   0.161   0.175   0.084   0.122   0.104   0.071   0.082   0.143
   0.000   0.000   0.065   0.159   0.106   0.110   0.059   0.115   0.039   0.086   0.114   0.122   0.000   0.000   0.065   0.159   0.106   0.110   0.059   0.115   0.039   0.086   0.114   0.122
   0.000   0.000   0.049   0.144   0.079   0.040   0.034   0.063   0.081   0.050   0.102   0.067   0.000   0.000   0.049   0.144   0.079   0.040   0.034   0.063   0.081   0.050   0.102   0.067
   0.000   0.000   0.041   0.041   0.099   0.082   0.021   0.038   0.060   0.034   0.050   0.054   0.000   0.000   0.041   0.041   0.099   0.082   0.021   0.038   0.060   0.034   0.050   0.054
   0.000   0.000   0.000   0.000   0.000   0.000   0.000   0.000   0.000   0.000   0.000   0.000   0.000   0.000   0.000   0.000   0.000   0.000   0.000   0.000   0.000   0.000   0.000   0.000
   0.000   0.000   0.000   0.000   0.000   0.000   0.000   0.000   0.000   0.000   0.000   0.000   0.000   0.000   0.000   0.000   0.000   0.000   0.000   0.000   0.000   0.000   0.000   0.000
   0.000   0.000   0.000   0.000   0.000   0.000   0.000   0.000   0.000   0.000   0.000   0.000   0.000   0.000   0.000   0.000   0.000   0.000   0.000   0.000   0.000   0.000   0.000   0.000
   0.000   0.000   0.000   0.000   0.000   0.000   0.000   0.000   0.000   0.000   0.000   0.000   0.000   0.000   0.000   0.000   0.000   0.000   0.000   0.000   0.000   0.000   0.000   0.000
   0.000   0.000   0.000   0.000   0.000   0.000   0.000   0.000   0.000   0.000   0.000   0.000   0.000   0.000   0.000   0.000   0.000   0.000   0.000   0.000   0.000   0.000   0.000   0.000
202411010500    11.704    -5.415     0.982     0.000     0.000     0.000     0.000
   0.000   0.000   0.000   0.000   0.000   0.000   0.000   0.000   0.000   0.000   0.000   0.000   0.000   0.000   0.000   0.000   0.000   0.000   0.000   0.000   0.000   0.000   0.000   0.000
   0.000   0.000   0.000   0.000   0.000   0.000   0.000   0.000   0.000   0.000   0.000   0.000   0.000   0.000   0.000   0.000   0.000   0.000   0.000   0.000   0.000   0.000   0.000   0.000
   0.000   0.000   0.000   0.000   0.000   0.000   0.000   0.000   0.000   0.000   0.000   0.000   0.000   0.000   0.000   0.000   0.000   0.000   0.000   0.000   0.000   0.000   0.000   0.000
   0.000   0.000   0.000   0.000   0.000   0.000   0.000   0.000   0.000   0.000   0.000   0.000   0.000   0.000   0.000   0.000   0.000   0.000   0.000   0.000   0.000   0.000   0.000   0.000
   0.000   0.000   0.000   0.129   0.354   0.000   0.000   0.000   0.180   0.000   0.000   0.000   0.000   0.000   0.000   0.129   0.354   0.000   0.000   0.000   0.180   0.000   0.000   0.000
   0.000   0.145   0.265   0.756   0.193   0.000   0.000   0.000   0.324   0.100   0.083   0.140   0.000   0.145   0.265   0.756   0.193   0.000   0.000   0.000   0.324   0.100   0.083   0.140
   0.284   0.403   0.267   0.263   0.244   0.000   0.000   0.000   0.061   0.000   0.407   0.630   0.284   0.403   0.267   0.263   0.244   0.000   0.000   0.000   0.061   0.000   0.407   0.630
   0.809   0.971   1.028   0.082   0.572   0.000   0.000   0.000   0.056   0.029   0.517   0.000   0.809   0.971   1.028   0.082   0.572   0.000   0.000   0.000   0.056   0.029   0.517   0.000
   0.281   2.797   0.514   0.779   0.320   0.000   0.000   0.000   0.195   0.475   0.524   0.144   0.281   2.797   0.514   0.779   0.320   0.000   0.000   0.000   0.195   0.475   0.524   0.144
   1.376   0.791   0.823   0.532   0.302   0.000   0.000   0.000   0.315   0.037   0.020   0.010   1.376   0.791   0.823   0.532   0.302   0.000   0.000   0.000   0.315   0.037   0.020   0.010
   1.644   0.233   0.627   0.462   0.146   0.000   0.000   0.000   0.659   0.184   0.275   0.592   1.644   0.233   0.627   0.462   0.146   0.000   0.000   0.000   0.659   0.184   0.275   0.592
   1.375   0.907   0.518   0.081   0.268   0.000   0.000   0.000   0.032   0.150   0.263   0.364   1.375   0.907   0.518   0.081   0.268   0.000   0.000   0.000   0.032   0.150   0.263   0.364
   0.246   0.047   0.216   0.267   0.007   0.000   0.000   0.000   0.381   0.260   0.174   0.157   0.246   0.047   0.216   0.267   0.007   0.000   0.000   0.000   0.381   0.260   0.174   0.157
   0.066   0.299   0.272   0.292   0.264   0.000   0.000   0.000   0.013   0.000   0.151   0.320   0.066   0.299   0.272   0.292   0.264   0.000   0.000   0.000   0.013   0.000   0.151   0.320
   0.023   0.356   0.212   0.139   0.077   0.000   0.000   0.000   0.073   0.079   0.119   0.292   0.023   0.356   0.212   0.139   0.077   0.000   0.000   0.000   0.073   0.079   0.119   0.292
   0.252   0.095   0.112   0.093   0.231   0.000   0.000   0.000   0.113   0.057   0.106   0.060   0.252   0.095   0.112   0.093   0.231   0.000   0.000   0.000   0.113   0.057   0.106   0.060
   0.198   0.212   0.093   0.090   0.077   0.000   0.000   0.000   0.127   0.081   0.144   0.121   0.198   0.212   0.093   0.090   0.077   0.000   0.000   0.000   0.127   0.081   0.144   0.121
   0.251   0.130   0.084   0.069   0.039   0.000   0.000   0.000   0.056   0.067   0.096   0.142   0.251   0.130   0.084   0.069   0.039   0.000   0.000   0.000   0.056   0.067   0.096   0.142
   0.341   0.047   0.094   0.032   0.048   0.000   0.000   0.000   0.092   0.052   0.084   0.088   0.341   0.047   0.094   0.032   0.048   0.000   0.000   0.000   0.092   0.052   0.084   0.088
   0.158   0.038   0.011   0.000   0.039   0.000   0.000   0.000   0.022   0.058   0.052   0.045   0.158   0.038   0.011   0.000   0.039   0.000   0.000   0.000   0.022   0.058   0.052   0.045
   0.000   0.000   0.000   0.000   0.000   0.000   0.000   0.000   0.000   0.000   0.000   0.000   0.000   0.000   0.000   0.000   0.000   0.000   0.000   0.000   0.000   0.000   0.000   0.000
   0.000   0.000   0.000   0.000   0.000   0.000   0.000   0.000   0.000   0.000   0.000   0.000   0.000   0.000   0.000   0.000   0.000   0.000   0.000   0.000   0.000   0.000   0.000   0.000
   0.000   0.000   0.000   0.000   0.000   0.000   0.000   0.000   0.000   0.000   0.000   0.000   0.000   0.000   0.000   0.000   0.000   0.000   0.000   0.000   0.000   0.000   0.000   0.000
   0.000   0.000   0.000   0.000   0.000   0.000   0.000   0.000   0.000   0.000   0.000   0.000   0.000   0.000   0.000   0.000   0.000   0.000   0.000   0.000   0.000   0.000   0.000   0.000
   0.000   0.000   0.000   0.000   0.000   0.000   0.000   0.000   0.000   0.000   0.000   0.000   0.000   0.000   0.000   0.000   0.000   0.000   0.000   0.000   0.000   0.000   0.000   0.000
202411010500    10.817    -5.908     0.991     0.000     0.000     0.000     0.000
   0.000   0.000   0.000   0.000   0.000   0.000   0.000   0.000   0.000   0.000   0.000   0.000   0.000   0.000   0.000   0.000   0.000   0.000   0.000   0.000   0.000   0.000   0.000   0.000
   0.000   0.000   0.000   0.000   0.000   0.000   0.000   0.000   0.000   0.000   0.000   0.000   0.000   0.000   0.000   0.000   0.000   0.000   0.000   0.000   0.000   0.000   0.000   0.000
   0.000   0.000   0.000   0.000   0.000   0.000   0.000   0.000   0.000   0.000   0.000   0.000   0.000   0.000   0.000   0.000   0.000   0.000   0.000   0.000   0.000   0.000   0.000   0.000
   0.000   0.000   0.000   0.000   0.000   0.000   0.000   0.000   0.000   0.000   0.000   0.000   0.000   0.000   0.000   0.000   0.000   0.000   0.000   0.000   0.000   0.000   0.000   0.000
   0.000   0.000   0.337   0.924   0.000   0.441   0.284   0.198   0.346   0.193   0.087   0.000   0.000   0.000   0.337   0.924   0.000   0.441   0.284   0.198   0.346   0.193   0.087   0.000
   0.000   0.000   0.000   0.000   0.000   1.008   0.122   0.000   0.000   0.000   0.000   0.000   0.000   0.000   0.000   0.000   0.000   1.008   0.122   0.000   0.000   0.000   0.000   0.000
   0.000   0.000   0.348   0.163   0.000   1.195   0.000   0.012   0.130   0.723   0.396   0.000   0.000   0.000   0.348   0.163   0.000   1.195   0.000   0.012   0.130   0.723   0.396   0.000
   0.000   0.000   0.000   0.328   0.104   0.000   0.000   0.085   0.186   0.292   0.117   0.000   0.000   0.000   0.000   0.328   0.104   0.000   0.000   0.085   0.186   0.292   0.117   0.000
   4.054   2.802   0.127   0.765   0.076   0.078   0.222   0.000   0.000   0.211   0.660   0.000   4.054   2.802   0.127   0.765   0.076   0.078   0.222   0.000   0.000   0.211   0.660   0.000
   0.012   0.257   1.111   0.338   0.357   0.340   0.202   0.010   0.000   0.000   0.577   0.483   0.012   0.257   1.111   0.338   0.357   0.340   0.202   0.010   0.000   0.000   0.577   0.483
   0.920   1.736   0.576   0.837   0.214   0.271   0.153   0.184   0.000   0.163   0.404   0.618   0.920   1.736   0.576   0.837   0.214   0.271   0.153   0.184   0.000   0.163   0.404   0.618
   0.656   1.648   0.839   0.455   0.158   0.321   0.257   0.195   0.003   0.272   0.176   0.418   0.656   1.648   0.839   0.455   0.158   0.321   0.257   0.195   0.003   0.272   0.176   0.418
   0.000   0.000   0.595   0.313   0.146   0.036   0.196   0.247   0.251   0.238   0.272   0.781   0.000   0.000   0.595   0.313   0.146   0.036   0.196   0.247   0.251   0.238   0.272   0.781
   0.061   0.000   0.131   0.106   0.138   0.053   0.136   0.167   0.101   0.070   0.281   0.434   0.061   0.000   0.131   0.106   0.138   0.053   0.136   0.167   0.101   0.070   0.281   0.434
   0.000   0.000   0.396   0.171   0.253   0.163   0.021   0.071   0.203   0.141   0.281   0.258   0.000   0.000   0.396   0.171   0.253   0.163   0.021   0.071   0.203   0.141   0.281   0.258
   0.000   0.000   0.302   0.144   0.140   0.181   0.088   0.140   0.136   0.211   0.201   0.204   0.000   0.000   0.302   0.144   0.140   0.181   0.088   0.140   0.136   0.211   0.201   0.204
   0.000   0.024   0.162   0.206   0.119   0.113   0.101   0.158   0.189   0.071   0.130   0.198   0.000   0.024   0.162   0.206   0.119   0.113   0.101   0.158   0.189   0.071   0.130   0.198
   0.000   0.000   0.220   0.178   0.141   0.114   0.071   0.050   0.193   0.113   0.092   0.139   0.000   0.000   0.220   0.178   0.141   0.114   0.071   0.050   0.193   0.113   0.092   0.139
   0.000   0.000   0.014   0.109   0.070   0.096   0.087   0.101   0.182   0.098   0.090   0.103   0.000   0.000   0.014   0.109   0.070   0.096   0.087   0.101   0.182   0.098   0.090   0.103
   0.000   0.000   0.013   0.039   0.074   0.045   0.052   0.045   0.018   0.056   0.074   0.058   0.000   0.000   0.013   0.039   0.074   0.045   0.052   0.045   0.018   0.056   0.074   0.058
   0.000   0.000   0.000   0.000   0.000   0.000   0.000   0.000   0.000   0.000   0.000   0.000   0.000   0.000   0.000   0.000   0.000   0.000   0.000   0.000   0.000   0.000   0.000   0.000
   0.000   0.000   0.000   0.000   0.000   0.000   0.000   0.000   0.000   0.000   0.000   0.000   0.000   0.000   0.000   0.000   0.000   0.000   0.000   0.000   0.000   0.000   0.000   0.000
   0.000   0.000   0.000   0.000   0.000   0.000   0.000   0.000   0.000   0.000   0.000   0.000   0.000   0.000   0.000   0.000   0.000   0.000   0.000   0.000   0.000   0.000   0.000   0.000
   0.000   0.000   0.000   0.000   0.000   0.000   0.000   0.000   0.000   0.000   0.000   0.000   0.000   0.000   0.000   0.000   0.000   0.000   0.000   0.000   0.000   0.000   0.000   0.000
   0.000   0.000   0.000   0.000   0.000   0.000   0.000   0.000   0.000   0.000   0.000   0.000   0.000   0.000   0.000   0.000   0.000   0.000   0.000   0.000   0.000   0.000   0.000   0.000
202411010500    11.565    -6.094     0.992     0.000     0.000     0.000     0.000
   0.000   0.000   0.000   0.000   0.000   0.000   0.000   0.000   0.000   0.000   0.000   0.000   0.000   0.000   0.000   0.000   0.000   0.000   0.000   0.000   0.000   0.000   0.000   0.000
   0.000   0.000   0.000   0.000   0.000   0.000   0.000   0.000   0.000   0.000   0.000   0.000   0.000   0.000   0.000   0.000   0.000   0.000   0.000   0.000   0.000   0.000   0.000   0.000
   0.000   0.000   0.000   0.000   0.000   0.000   0.000   0.000   0.000   0.000   0.000   0.000   0.000   0.000   0.000   0.000   0.000   0.000   0.000   0.000   0.000   0.000   0.000   0.000
   0.000   0.000   0.000   0.000   0.000   0.000   0.000   0.000   0.000   0.000   0.000   0.000   0.000   0.000   0.000   0.000   0.000   0.000   0.000   0.000   0.000   0.000   0.000   0.000
   0.000   0.000   0.000   0.189   0.000   0.000   0.000   0.000   0.286   0.562   0.463   0.000   0.000   0.000   0.000   0.189   0.000   0.000   0.000   0.000   0.286   0.562   0.463   0.000
   0.000   0.000   0.331   0.587   0.458   0.159   0.000   0.000   0.227   0.715   0.411   0.000   0.000   0.000   0.331   0.587   0.458   0.159   0.000   0.000   0.227   0.715   0.411   0.000
   0.000   0.000   0.992   0.757   0.540   0.512   0.000   0.131   0.182   0.113   0.000   0.000   0.000   0.000   0.992   0.757   0.540   0.512   0.000   0.131   0.182   0.113   0.000   0.000
   0.735   1.115   0.445   0.212   0.346   0.131   0.000   0.067   0.133   0.048   0.060   0.000   0.735   1.115   0.445   0.212   0.346   0.131   0.000   0.067   0.133   0.048   0.060   0.000
   1.401   0.374   0.544   0.756   0.806   0.043   0.768   0.191   0.206   0.557   0.475   1.202   1.401   0.374   0.544   0.756   0.806   0.043   0.768   0.191   0.206   0.557   0.475   1.202
   0.000   0.000   0.034   0.538   0.264   0.474   0.011   0.007   0.001   0.178   0.259   0.000   0.000   0.000   0.034   0.538   0.264   0.474   0.011   0.007   0.001   0.178   0.259   0.000
   1.174   0.000   0.300   0.360   0.438   0.346   0.015   0.209   0.216   0.327   0.258   0.000   1.174   0.000   0.300   0.360   0.438   0.346   0.015   0.209   0.216   0.327   0.258   0.000
   0.640   0.210   0.399   0.360   0.026   0.000   0.000   0.033   0.030   0.103   0.020   0.000   0.640   0.210   0.399   0.360   0.026   0.000   0.000   0.033   0.030   0.103   0.020   0.000
   0.886   0.496   0.489   0.221   0.088   0.119   0.110   0.188   0.251   0.238   0.267   0.587   0.886   0.496   0.489   0.221   0.088   0.119   0.110   0.188   0.251   0.238   0.267   0.587
   0.527   0.310   0.298   0.048   0.236   0.176   0.091   0.218   0.155   0.154   0.204   0.585   0.527   0.310   0.298   0.048   0.236   0.176   0.091   0.218   0.155   0.154   0.204   0.585
   0.025   0.000   0.345   0.116   0.124   0.000   0.258   0.119   0.122   0.089   0.135   0.335   0.025   0.000   0.345   0.116   0.124   0.000   0.258   0.119   0.122   0.089   0.135   0.335
   0.000   0.000   0.153   0.134   0.143   0.127   0.175   0.130   0.045   0.134   0.196   0.187   0.000   0.000   0.153   0.134   0.143   0.127   0.175   0.130   0.045   0.134   0.196   0.187
   0.000   0.000   0.168   0.154   0.123   0.087   0.049   0.134   0.088   0.082   0.172   0.209   0.000   0.000   0.168   0.154   0.123   0.087   0.049   0.134   0.088   0.082   0.172   0.209
   0.000   0.015   0.162   0.089   0.103   0.155   0.074   0.083   0.148   0.122   0.135   0.172   0.000   0.015   0.162   0.089   0.103   0.155   0.074   0.083   0.148   0.122   0.135   0.172
   0.223   0.151   0.041   0.060   0.032   0.042   0.040   0.067   0.078   0.137   0.053   0.076   0.223   0.151   0.041   0.060   0.032   0.042   0.040   0.067   0.078   0.137   0.053   0.076
   0.095   0.051   0.035   0.080   0.044   0.075   0.069   0.079   0.076   0.040   0.099   0.050   0.095   0.051   0.035   0.080   0.044   0.075   0.069   0.079   0.076   0.040   0.099   0.050
   0.000   0.000   0.000   0.000   0.000   0.000   0.000   0.000   0.000   0.000   0.000   0.000   0.000   0.000   0.000   0.000   0.000   0.000   0.000   0.000   0.000   0.000   0.000   0.000
   0.000   0.000   0.000   0.000   0.000   0.000   0.000   0.000   0.000   0.000   0.000   0.000   0.000   0.000   0.000   0.000   0.000   0.000   0.000   0.000   0.000   0.000   0.000   0.000
   0.000   0.000   0.000   0.000   0.000   0.000   0.000   0.000   0.000   0.000   0.000   0.000   0.000   0.000   0.000   0.000   0.000   0.000   0.000   0.000   0.000   0.000   0.000   0.000
   0.000   0.000   0.000   0.000   0.000   0.000   0.000   0.000   0.000   0.000   0.000   0.000   0.000   0.000   0.000   0.000   0.000   0.000   0.000   0.000   0.000   0.000   0.000   0.000
   0.000   0.000   0.000   0.000   0.000   0.000   0.000   0.000   0.000   0.000   0.000   0.000   0.000   0.000   0.000   0.000   0.000   0.000   0.000   0.000   0.000   0.000   0.000   0.000
202411010500    10.679    -6.577     1.001     0.000     0.000     0.000     0.000
   0.000   0.000   0.000   0.000   0.000   0.000   0.000   0.000   0.000   0.000   0.000   0.000   0.000   0.000   0.000   0.000   0.000   0.000   0.000   0.000   0.000   0.000   0.000   0.000
   0.000   0.000   0.000   0.000   0.000   0.000   0.000   0.000   0.000   0.000   0.000   0.000   0.000   0.000   0.000   0.000   0.000   0.000   0.000   0.000   0.000   0.000   0.000   0.000
   0.000   0.000   0.000   0.000   0.000   0.000   0.000   0.000   0.000   0.000   0.000   0.000   0.000   0.000   0.000   0.000   0.000   0.000   0.000   0.000   0.000   0.000   0.000   0.000
   0.000   0.000   0.000   0.000   0.000   0.000   0.000   0.000   0.000   0.000   0.000   0.000   0.000   0.000   0.000   0.000   0.000   0.000   0.000   0.000   0.000   0.000   0.000   0.000
   0.000   0.000   0.000   0.336   0.521   0.093   0.343   0.592   1.150   0.521   0.193   0.000   0.000   0.000   0.000   0.336   0.521   0.093   0.343   0.592   1.150   0.521   0.193   0.000
   0.000   0.000   0.716   0.890   0.644   0.417   0.346   0.242   0.484   0.000   0.000   0.000   0.000   0.000   0.716   0.890   0.644   0.417   0.346   0.242   0.484   0.000   0.000   0.000
   0.000   0.000   0.188   0.914   0.679   0.710   0.054   0.109   0.055   0.000   0.014   0.000   0.000   0.000   0.188   0.914   0.679   0.710   0.054   0.109   0.055   0.000   0.014   0.000
   0.611   0.125   0.995   0.179   0.246   0.217   0.090   0.116   0.308   0.635   0.072   0.000   0.611   0.125   0.995   0.179   0.246   0.217   0.090   0.116   0.308   0.635   0.072   0.000
   3.354   2.973   0.870   0.599   0.359   0.026   0.000   0.008   0.095   0.256   0.000   0.704   3.354   2.973   0.870   0.599   0.359   0.026   0.000   0.008   0.095   0.256   0.000   0.704
   0.546   0.000   1.553   0.352   0.285   0.000   0.000   0.000   0.000   0.494   0.023   0.708   0.546   0.000   1.553   0.352   0.285   0.000   0.000   0.000   0.000   0.494   0.023   0.708
   0.000   0.000   0.000   0.199   0.320   0.065   0.000   0.000   0.000   0.184   0.217   0.875   0.000   0.000   0.000   0.199   0.320   0.065   0.000   0.000   0.000   0.184   0.217   0.875
   0.294   0.128   0.553   0.406   0.027   0.016   0.105   0.199   0.149   0.262   0.310   0.544   0.294   0.128   0.553   0.406   0.027   0.016   0.105   0.199   0.149   0.262   0.310   0.544
   0.053   0.123   0.393   0.366   0.273   0.171   0.177   0.077   0.083   0.123   0.381   0.621   0.053   0.123   0.393   0.366   0.273   0.171   0.177   0.077   0.083   0.123   0.381   0.621
   0.000   0.000   0.000   0.186   0.074   0.093   0.164   0.253   0.217   0.190   0.167   0.253   0.000   0.000   0.000   0.186   0.074   0.093   0.164   0.253   0.217   0.190   0.167   0.253
   0.000   0.000   0.119   0.035   0.000   0.019   0.069   0.248   0.109   0.242   0.187   0.327   0.000   0.000   0.119   0.035   0.000   0.019   0.069   0.248   0.109   0.242   0.187   0.327
   0.000   0.043   0.071   0.160   0.066   0.164   0.083   0.116   0.028   0.138   0.144   0.000   0.000   0.043   0.071   0.160   0.066   0.164   0.083   0.116   0.028   0.138   0.144   0.000
   0.000   0.077   0.188   0.176   0.151   0.052   0.160   0.045   0.141   0.106   0.187   0.164   0.000   0.077   0.188   0.176   0.151   0.052   0.160   0.045   0.141   0.106   0.187   0.164
   0.000   0.000   0.074   0.110   0.140   0.056   0.111   0.135   0.181   0.103   0.140   0.129   0.000   0.000   0.074   0.110   0.140   0.056   0.111   0.135   0.181   0.103   0.140   0.129
   0.000   0.000   0.089   0.109   0.119   0.092   0.112   0.086   0.067   0.087   0.120   0.103   0.000   0.000   0.089   0.109   0.119   0.092   0.112   0.086   0.067   0.087   0.120   0.103
   0.000   0.000   0.089   0.036   0.066   0.049   0.061   0.054   0.057   0.022   0.082   0.000   0.000   0.000   0.089   0.036   0.066   0.049   0.061   0.054   0.057   0.022   0.082   0.000
   0.000   0.000   0.000   0.000   0.000   0.000   0.000   0.000   0.000   0.000   0.000   0.000   0.000   0.000   0.000   0.000   0.000   0.000   0.000   0.000   0.000   0.000   0.000   0.000
   0.000   0.000   0.000   0.000   0.000   0.000   0.000   0.000   0.000   0.000   0.000   0.000   0.000   0.000   0.000   0.000   0.000   0.000   0.000   0.000   0.000   0.000   0.000   0.000
   0.000   0.000   0.000   0.000   0.000   0.000   0.000   0.000   0.000   0.000   0.000   0.000   0.000   0.000   0.000   0.000   0.000   0.000   0.000   0.000   0.000   0.000   0.000   0.000
   0.000   0.000   0.000   0.000   0.000   0.000   0.000   0.000   0.000   0.000   0.000   0.000   0.000   0.000   0.000   0.000   0.000   0.000   0.000   0.000   0.000   0.000   0.000   0.000
   0.000   0.000   0.000   0.000   0.000   0.000   0.000   0.000   0.000   0.000   0.000   0.000   0.000   0.000   0.000   0.000   0.000   0.000   0.000   0.000   0.000   0.000   0.000   0.000
202411010500    11.434    -6.772     1.002     0.000     0.000     0.000     0.000
   0.000   0.000   0.000   0.000   0.000   0.000   0.000   0.000   0.000   0.000   0.000   0.000   0.000   0.000   0.000   0.000   0.000   0.000   0.000   0.000   0.000   0.000   0.000   0.000
   0.000   0.000   0.000   0.000   0.000   0.000   0.000   0.000   0.000   0.000   0.000   0.000   0.000   0.000   0.000   0.000   0.000   0.000   0.000   0.000   0.000   0.000   0.000   0.000
   0.000   0.000   0.000   0.000   0.000   0.000   0.000   0.000   0.000   0.000   0.000   0.000   0.000   0.000   0.000   0.000   0.000   0.000   0.000   0.000   0.000   0.000   0.000   0.000
   0.000   0.000   0.000   0.000   0.000   0.000   0.000   0.000   0.000   0.000   0.000   0.000   0.000   0.000   0.000   0.000   0.000   0.000   0.000   0.000   0.000   0.000   0.000   0.000
   0.000   0.000   0.000   0.000   0.000   0.003   0.000   0.000   0.000   0.000   0.000   0.000   0.000   0.000   0.000   0.000   0.000   0.003   0.000   0.000   0.000   0.000   0.000   0.000
   0.000   0.000   0.000   0.186   0.000   0.000   0.000   0.000   0.000   0.339   0.103   0.000   0.000   0.000   0.000   0.186   0.000   0.000   0.000   0.000   0.000   0.339   0.103   0.000
   0.000   0.000   0.000   0.000   0.000   0.000   0.000   0.000   0.000   0.402   0.000   0.000   0.000   0.000   0.000   0.000   0.000   0.000   0.000   0.000   0.000   0.402   0.000   0.000
   0.000   0.000   0.000   0.106   0.000   0.000   0.000   0.184   0.087   0.000   0.171   0.562   0.000   0.000   0.000   0.106   0.000   0.000   0.000   0.184   0.087   0.000   0.171   0.562
   0.251   0.112   0.000   0.421   0.169   0.062   0.219   0.010   0.000   0.000   0.000   0.000   0.251   0.112   0.000   0.421   0.169   0.062   0.219   0.010   0.000   0.000   0.000   0.000
   0.000   0.000   1.328   0.590   1.070   0.457   0.541   0.583   0.000   0.008   0.000   0.000   0.000   0.000   1.328   0.590   1.070   0.457   0.541   0.583   0.000   0.008   0.000   0.000
   2.606   0.638   0.850   1.002   0.274   0.502   0.616   0.014   0.242   0.011   0.000   1.268   2.606   0.638   0.850   1.002   0.274   0.502   0.616   0.014   0.242   0.011   0.000   1.268
   0.559   0.067   0.662   0.144   0.338   0.097   0.305   0.731   0.351   0.182   0.000   1.020   0.559   0.067   0.662   0.144   0.338   0.097   0.305   0.731   0.351   0.182   0.000   1.020
   0.080   0.000   0.000   0.128   0.307   0.444   0.246   0.231   0.260   0.196   0.377   0.268   0.080   0.000   0.000   0.128   0.307   0.444   0.246   0.231   0.260   0.196   0.377   0.268
   0.368   0.215   0.313   0.133   0.135   0.153   0.220   0.265   0.095   0.187   0.220   0.376   0.368   0.215   0.313   0.133   0.135   0.153   0.220   0.265   0.095   0.187   0.220   0.376
   0.315   0.204   0.246   0.151   0.190   0.193   0.105   0.031   0.143   0.277   0.251   0.184   0.315   0.204   0.246   0.151   0.190   0.193   0.105   0.031   0.143   0.277   0.251   0.184
   0.000   0.082   0.267   0.114   0.121   0.234   0.228   0.203   0.130   0.234   0.202   0.323   0.000   0.082   0.267   0.114   0.121   0.234   0.228   0.203   0.130   0.234   0.202   0.323
   0.000   0.000   0.088   0.208   0.073   0.121   0.142   0.124   0.098   0.098   0.192   0.237   0.000   0.000   0.088   0.208   0.073   0.121   0.142   0.124   0.098   0.098   0.192   0.237
   0.000   0.000   0.112   0.085   0.072   0.078   0.088   0.001   0.074   0.098   0.173   0.112   0.000   0.000   0.112   0.085   0.072   0.078   0.088   0.001   0.074   0.098   0.173   0.112
   0.130   0.072   0.148   0.109   0.082   0.140   0.087   0.106   0.080   0.161   0.094   0.186   0.130   0.072   0.148   0.109   0.082   0.140   0.087   0.106   0.080   0.161   0.094   0.186
   0.015   0.000   0.046   0.025   0.039   0.060   0.105   0.128   0.082   0.055   0.067   0.065   0.015   0.000   0.046   0.025   0.039   0.060   0.105   0.128   0.082   0.055   0.067   0.065
   0.000   0.000   0.000   0.000   0.000   0.000   0.000   0.000   0.000   0.000   0.000   0.000   0.000   0.000   0.000   0.000   0.000   0.000   0.000   0.000   0.000   0.000   0.000   0.000
   0.000   0.000   0.000   0.000   0.000   0.000   0.000   0.000   0.000   0.000   0.000   0.000   0.000   0.000   0.000   0.000   0.000   0.000   0.000   0.000   0.000   0.000   0.000   0.000
   0.000   0.000   0.000   0.000   0.000   0.000   0.000   0.000   0.000   0.000   0.000   0.000   0.000   0.000   0.000   0.000   0.000   0.000   0.000   0.000   0.000   0.000   0.000   0.000
   0.000   0.000   0.000   0.000   0.000   0.000   0.000   0.000   0.000   0.000   0.000   0.000   0.000   0.000   0.000   0.000   0.000   0.000   0.000   0.000   0.000   0.000   0.000   0.000
   0.000   0.000   0.000   0.000   0.000   0.000   0.000   0.000   0.000   0.000   0.000   0.000   0.000   0.000   0.000   0.000   0.000   0.000   0.000   0.000   0.000   0.000   0.000   0.000
202411010500    10.544    -7.256     1.011     0.000     0.000     0.000     0.000
   0.000   0.000   0.000   0.000   0.000   0.000   0.000   0.000   0.000   0.000   0.000   0.000   0.000   0.000   0.000   0.000   0.000   0.000   0.000   0.000   0.000   0.000   0.000   0.000
   0.000   0.000   0.000   0.000   0.000   0.000   0.000   0.000   0.000   0.000   0.000   0.000   0.000   0.000   0.000   0.000   0.000   0.000   0.000   0.000   0.000   0.000   0.000   0.000
   0.000   0.000   0.000   0.000   0.000   0.000   0.000   0.000   0.000   0.000   0.000   0.000   0.000   0.000   0.000   0.000   0.000   0.000   0.000   0.000   0.000   0.000   0.000   0.000
   0.000   0.000   0.000   0.000   0.000   0.000   0.000   0.000   0.000   0.000   0.000   0.000   0.000   0.000   0.000   0.000   0.000   0.000   0.000   0.000   0.000   0.000   0.000   0.000
   0.000   0.000   0.000   0.019   0.107   0.082   0.220   0.133   0.000   0.000   0.320   0.000   0.000   0.000   0.000   0.019   0.107   0.082   0.220   0.133   0.000   0.000   0.320   0.000
   0.000   0.000   0.000   0.045   0.215   0.237   0.215   0.051   0.149   0.272   0.000   0.000   0.000   0.000   0.000   0.045   0.215   0.237   0.215   0.051   0.149   0.272   0.000   0.000
   0.000   0.000   0.253   0.206   0.095   0.257   0.452   0.479   0.113   0.039   0.000   0.000   0.000   0.000   0.253   0.206   0.095   0.257   0.452   0.479   0.113   0.039   0.000   0.000
   0.000   0.000   0.902   0.521   0.252   0.000   0.199   0.242   0.090   0.049   0.131   0.000   0.000   0.000   0.902   0.521   0.252   0.000   0.199   0.242   0.090   0.049   0.131   0.000
   0.087   0.467   0.400   0.477   0.055   0.225   0.282   0.415   0.370   0.223   0.564   0.606   0.087   0.467   0.400   0.477   0.055   0.225   0.282   0.415   0.370   0.223   0.564   0.606
   0.660   0.209   0.547   0.994   0.000   0.169   0.009   0.303   0.060   0.128   0.149   0.908   0.660   0.209   0.547   0.994   0.000   0.169   0.009   0.303   0.060   0.128   0.149   0.908
   0.022   0.882   0.699   0.425   0.000   0.003   0.203   0.105   0.035   0.094   0.000   0.101   0.022   0.882   0.699   0.425   0.000   0.003   0.203   0.105   0.035   0.094   0.000   0.101
   0.136   0.302   0.635   0.177   0.258   0.131   0.199   0.201   0.194   0.023   0.232   0.996   0.136   0.302   0.635   0.177   0.258   0.131   0.199   0.201   0.194   0.023   0.232   0.996
   0.000   0.000   0.238   0.319   0.033   0.155   0.182   0.074   0.061   0.151   0.405   0.337   0.000   0.000   0.238   0.319   0.033   0.155   0.182   0.074   0.061   0.151   0.405   0.337
   0.189   0.705   0.328   0.144   0.138   0.006   0.177   0.136   0.060   0.133   0.240   0.302   0.189   0.705   0.328   0.144   0.138   0.006   0.177   0.136   0.060   0.133   0.240   0.302
   0.097   0.417   0.224   0.151   0.125   0.113   0.101   0.065   0.115   0.128   0.183   0.302   0.097   0.417   0.224   0.151   0.125   0.113   0.101   0.065   0.115   0.128   0.183   0.302
   0.001   0.000   0.202   0.172   0.104   0.139   0.108   0.063   0.107   0.130   0.193   0.187   0.001   0.000   0.202   0.172   0.104   0.139   0.108   0.063   0.107   0.130   0.193   0.187
   0.059   0.190   0.123   0.073   0.044   0.072   0.095   0.029   0.113   0.124   0.109   0.141   0.059   0.190   0.123   0.073   0.044   0.072   0.095   0.029   0.113   0.124   0.109   0.141
   0.000   0.000   0.105   0.080   0.046   0.077   0.052   0.084   0.038   0.106   0.128   0.067   0.000   0.000   0.105   0.080   0.046   0.077   0.052   0.084   0.038   0.106   0.128   0.067
   0.000   0.000   0.000   0.095   0.060   0.048   0.069   0.090   0.040   0.058   0.114   0.010   0.000   0.000   0.000   0.095   0.060   0.048   0.069   0.090   0.040   0.058   0.114   0.010
   0.000   0.000   0.000   0.038   0.061   0.066   0.035   0.051   0.036   0.042   0.026   0.000   0.000   0.000   0.000   0.038   0.061   0.066   0.035   0.051   0.036   0.042   0.026   0.000
   0.000   0.000   0.000   0.000   0.000   0.000   0.000   0.000   0.000   0.000   0.000   0.000   0.000   0.000   0.000   0.000   0.000   0.000   0.000   0.000   0.000   0.000   0.000   0.000
   0.000   0.000   0.000   0.000   0.000   0.000   0.000   0.000   0.000   0.000   0.000   0.000   0.000   0.000   0.000   0.000   0.000   0.000   0.000   0.000   0.000   0.000   0.000   0.000
   0.000   0.000   0.000   0.000   0.000   0.000   0.000   0.000   0.000   0.000   0.000   0.000   0.000   0.000   0.000   0.000   0.000   0.000   0.000   0.000   0.000   0.000   0.000   0.000
   0.000   0.000   0.000   0.000   0.000   0.000   0.000   0.000   0.000   0.000   0.000   0.000   0.000   0.000   0.000   0.000   0.000   0.000   0.000   0.000   0.000   0.000   0.000   0.000
   0.000   0.000   0.000   0.000   0.000   0.000   0.000   0.000   0.000   0.000   0.000   0.000   0.000   0.000   0.000   0.000   0.000   0.000   0.000   0.000   0.000   0.000   0.000   0.000
202411010500    11.302    -7.445     1.012     0.000     0.000     0.000     0.000
   0.000   0.000   0.000   0.000   0.000   0.000   0.000   0.000   0.000   0.000   0.000   0.000   0.000   0.000   0.000   0.000   0.000   0.000   0.000   0.000   0.000   0.000   0.000   0.000
   0.000   0.000   0.000   0.000   0.000   0.000   0.000   0.000   0.000   0.000   0.000   0.000   0.000   0.000   0.000   0.000   0.000   0.000   0.000   0.000   0.000   0.000   0.000   0.000
   0.000   0.000   0.000   0.000   0.000   0.000   0.000   0.000   0.000   0.000   0.000   0.000   0.000   0.000   0.000   0.000   0.000   0.000   0.000   0.000   0.000   0.000   0.000   0.000
   0.000   0.000   0.000   0.000   0.000   0.000   0.000   0.000   0.000   0.000   0.000   0.000   0.000   0.000   0.000   0.000   0.000   0.000   0.000   0.000   0.000   0.000   0.000   0.000
   0.000   0.000   0.000   0.389   0.000   0.000   0.015   0.000   0.000   0.389   0.688   0.000   0.000   0.000   0.000   0.389   0.000   0.000   0.015   0.000   0.000   0.389   0.688   0.000
   0.000   0.000   0.000   0.055   0.000   0.000   0.000   0.000   0.000   0.000   0.000   0.000   0.000   0.000   0.000   0.055   0.000   0.000   0.000   0.000   0.000   0.000   0.000   0.000
   0.000   0.000   0.000   0.900   0.000   0.000   0.000   0.000   0.000   0.000   0.000   0.000   0.000   0.000   0.000   0.900   0.000   0.000   0.000   0.000   0.000   0.000   0.000   0.000
   0.000   0.000   0.099   0.268   0.586   0.401   0.072   0.226   0.415   0.223   0.133   0.000   0.000   0.000   0.099   0.268   0.586   0.401   0.072   0.226   0.415   0.223   0.133   0.000
   0.249   1.496   1.045   0.522   0.246   0.033   0.000   0.000   0.000   0.231   0.317   0.000   0.249   1.496   1.045   0.522   0.246   0.033   0.000   0.000   0.000   0.231   0.317   0.000
   3.986   3.510   0.905   0.845   0.004   0.000   0.000   0.000   0.164   0.605   0.276   0.000   3.986   3.510   0.905   0.845   0.004   0.000   0.000   0.000   0.164   0.605   0.276   0.000
   0.028   0.000   1.110   0.592   0.006   0.000   0.000   0.059   0.018   0.262   0.207   0.390   0.028   0.000   1.110   0.592   0.006   0.000   0.000   0.059   0.018   0.262   0.207   0.390
   0.074   0.559   0.541   0.371   0.161   0.136   0.117   0.242   0.120   0.310   0.343   0.549   0.074   0.559   0.541   0.371   0.161   0.136   0.117   0.242   0.120   0.310   0.343   0.549
   0.000   0.000   0.309   0.242   0.008   0.017   0.123   0.141   0.044   0.350   0.294   0.000   0.000   0.000   0.309   0.242   0.008   0.017   0.123   0.141   0.044   0.350   0.294   0.000
   0.000   0.055   0.296   0.171   0.082   0.170   0.096   0.000   0.032   0.150   0.247   0.129   0.000   0.055   0.296   0.171   0.082   0.170   0.096   0.000   0.032   0.150   0.247   0.129
   0.000   0.000   0.000   0.204   0.139   0.067   0.105   0.113   0.193   0.151   0.172   0.414   0.000   0.000   0.000   0.204   0.139   0.067   0.105   0.113   0.193   0.151   0.172   0.414
   0.000   0.195   0.049   0.160   0.262   0.063   0.169   0.106   0.131   0.116   0.115   0.025   0.000   0.195   0.049   0.160   0.262   0.063   0.169   0.106   0.131   0.116   0.115   0.025
   0.113   0.000   0.138   0.133   0.080   0.136   0.119   0.110   0.155   0.160   0.137   0.249   0.113   0.000   0.138   0.133   0.080   0.136   0.119   0.110   0.155   0.160   0.137   0.249
   0.000   0.000   0.038   0.032   0.033   0.118   0.125   0.148   0.036   0.055   0.115   0.151   0.000   0.000   0.038   0.032   0.033   0.118   0.125   0.148   0.036   0.055   0.115   0.151
   0.029   0.007   0.056   0.117   0.063   0.038   0.064   0.073   0.119   0.117   0.145   0.035   0.029   0.007   0.056   0.117   0.063   0.038   0.064   0.073   0.119   0.117   0.145   0.035
   0.087   0.051   0.064   0.026   0.025   0.079   0.091   0.049   0.061   0.061   0.062   0.081   0.087   0.051   0.064   0.026   0.025   0.079   0.091   0.049   0.061   0.061   0.062   0.081
   0.000   0.000   0.000   0.000   0.000   0.000   0.000   0.000   0.000   0.000   0.000   0.000   0.000   0.000   0.000   0.000   0.000   0.000   0.000   0.000   0.000   0.000   0.000   0.000
   0.000   0.000   0.000   0.000   0.000   0.000   0.000   0.000   0.000   0.000   0.000   0.000   0.000   0.000   0.000   0.000   0.000   0.000   0.000   0.000   0.000   0.000   0.000   0.000
   0.000   0.000   0.000   0.000   0.000   0.000   0.000   0.000   0.000   0.000   0.000   0.000   0.000   0.000   0.000   0.000   0.000   0.000   0.000   0.000   0.000   0.000   0.000   0.000
   0.000   0.000   0.000   0.000   0.000   0.000   0.000   0.000   0.000   0.000   0.000   0.000   0.000   0.000   0.000   0.000   0.000   0.000   0.000   0.000   0.000   0.000   0.000   0.000
   0.000   0.000   0.000   0.000   0.000   0.000   0.000   0.000   0.000   0.000   0.000   0.000   0.000   0.000   0.000   0.000   0.000   0.000   0.000   0.000   0.000   0.000   0.000   0.000
202411010500    10.415    -7.934     1.021     0.000     0.000     0.000     0.000
   0.000   0.000   0.000   0.000   0.000   0.000   0.000   0.000   0.000   0.000   0.000   0.000   0.000   0.000   0.000   0.000   0.000   0.000   0.000   0.000   0.000   0.000   0.000   0.000
   0.000   0.000   0.000   0.000   0.000   0.000   0.000   0.000   0.000   0.000   0.000   0.000   0.000   0.000   0.000   0.000   0.000   0.000   0.000   0.000   0.000   0.000   0.000   0.000
   0.000   0.000   0.000   0.000   0.000   0.000   0.000   0.000   0.000   0.000   0.000   0.000   0.000   0.000   0.000   0.000   0.000   0.000   0.000   0.000   0.000   0.000   0.000   0.000
   0.000   0.000   0.000   0.000   0.000   0.000   0.000   0.000   0.000   0.000   0.000   0.000   0.000   0.000   0.000   0.000   0.000   0.000   0.000   0.000   0.000   0.000   0.000   0.000
   0.000   0.000   0.000   0.000   0.449   0.168   1.584   0.180   0.986   0.359   0.082   0.000   0.000   0.000   0.000   0.000   0.449   0.168   1.584   0.180   0.986   0.359   0.082   0.000
   0.000   0.000   0.000   0.023   0.486   0.563   0.836   0.422   0.112   0.084   0.000   0.000   0.000   0.000   0.000   0.023   0.486   0.563   0.836   0.422   0.112   0.084   0.000   0.000
   0.000   0.000   0.203   0.663   0.566   0.654   0.111   0.211   0.114   0.378   0.608   0.000   0.000   0.000   0.203   0.663   0.566   0.654   0.111   0.211   0.114   0.378   0.608   0.000
   0.550   0.900   0.627   1.193   0.000   0.008   0.000   0.129   0.124   0.507   0.209   0.000   0.550   0.900   0.627   1.193   0.000   0.008   0.000   0.129   0.124   0.507   0.209   0.000
   0.000   0.000   0.150   0.560   0.000   0.039   0.187   0.046   0.173   0.289   0.391   0.000   0.000   0.000   0.150   0.560   0.000   0.039   0.187   0.046   0.173   0.289   0.391   0.000
   0.000   1.937   0.037   0.184   0.270   0.160   0.229   0.385   0.026   0.112   0.249   0.000   0.000   1.937   0.037   0.184   0.270   0.160   0.229   0.385   0.026   0.112   0.249   0.000
   0.000   0.129   0.424   0.681   0.339   0.185   0.010   0.250   0.010   0.187   0.123   0.000   0.000   0.129   0.424   0.681   0.339   0.185   0.010   0.250   0.010   0.187   0.123   0.000
   0.000   0.000   0.000   0.151   0.052   0.058   0.153   0.053   0.123   0.234   0.133   0.000   0.000   0.000   0.000   0.151   0.052   0.058   0.153   0.053   0.123   0.234   0.133   0.000
   1.070   0.546   0.000   0.114   0.086   0.177   0.287   0.238   0.194   0.220   0.112   0.000   1.070   0.546   0.000   0.114   0.086   0.177   0.287   0.238   0.194   0.220   0.112   0.000
   0.170   0.423   0.000   0.115   0.076   0.180   0.080   0.091   0.158   0.113   0.172   0.234   0.170   0.423   0.000   0.115   0.076   0.180   0.080   0.091   0.158   0.113   0.172   0.234
   0.000   0.000   0.000   0.096   0.173   0.119   0.098   0.126   0.145   0.132   0.117   0.321   0.000   0.000   0.000   0.096   0.173   0.119   0.098   0.126   0.145   0.132   0.117   0.321
   0.005   0.209   0.057   0.143   0.185   0.141   0.202   0.116   0.075   0.161   0.203   0.165   0.005   0.209   0.057   0.143   0.185   0.141   0.202   0.116   0.075   0.161   0.203   0.165
   0.026   0.143   0.161   0.144   0.106   0.136   0.080   0.071   0.173   0.139   0.169   0.182   0.026   0.143   0.161   0.144   0.106   0.136   0.080   0.071   0.173   0.139   0.169   0.182
   0.096   0.000   0.104   0.111   0.067   0.110   0.028   0.132   0.102   0.057   0.096   0.147   0.096   0.000   0.104   0.111   0.067   0.110   0.028   0.132   0.102   0.057   0.096   0.147
   0.000   0.000   0.000   0.123   0.087   0.036   0.054   0.042   0.054   0.046   0.066   0.132   0.000   0.000   0.000   0.123   0.087   0.036   0.054   0.042   0.054   0.046   0.066   0.132
   0.003   0.000   0.046   0.091   0.057   0.074   0.025   0.031   0.040   0.036   0.072   0.074   0.003   0.000   0.046   0.091   0.057   0.074   0.025   0.031   0.040   0.036   0.072   0.074
   0.000   0.000   0.000   0.000   0.000   0.000   0.000   0.000   0.000   0.000   0.000   0.000   0.000   0.000   0.000   0.000   0.000   0.000   0.000   0.000   0.000   0.000   0.000   0.000
   0.000   0.000   0.000   0.000   0.000   0.000   0.000   0.000   0.000   0.000   0.000   0.000   0.000   0.000   0.000   0.000   0.000   0.000   0.000   0.000   0.000   0.000   0.000   0.000
   0.000   0.000   0.000   0.000   0.000   0.000   0.000   0.000   0.000   0.000   0.000   0.000   0.000   0.000   0.000   0.000   0.000   0.000   0.000   0.000   0.000   0.000   0.000   0.000
   0.000   0.000   0.000   0.000   0.000   0.000   0.000   0.000   0.000   0.000   0.000   0.000   0.000   0.000   0.000   0.000   0.000   0.000   0.000   0.000   0.000   0.000   0.000   0.000
   0.000   0.000   0.000   0.000   0.000   0.000   0.000   0.000   0.000   0.000   0.000   0.000   0.000   0.000   0.000   0.000   0.000   0.000   0.000   0.000   0.000   0.000   0.000   0.000
202411010500    11.175    -8.121     1.022     0.000     0.000     0.000     0.000
   0.000   0.000   0.000   0.000   0.000   0.000   0.000   0.000   0.000   0.000   0.000   0.000   0.000   0.000   0.000   0.000   0.000   0.000   0.000   0.000   0.000   0.000   0.000   0.000
   0.000   0.000   0.000   0.000   0.000   0.000   0.000   0.000   0.000   0.000   0.000   0.000   0.000   0.000   0.000   0.000   0.000   0.000   0.000   0.000   0.000   0.000   0.000   0.000
   0.000   0.000   0.000   0.000   0.000   0.000   0.000   0.000   0.000   0.000   0.000   0.000   0.000   0.000   0.000   0.000   0.000   0.000   0.000   0.000   0.000   0.000   0.000   0.000
   0.000   0.000   0.000   0.000   0.000   0.000   0.000   0.000   0.000   0.000   0.000   0.000   0.000   0.000   0.000   0.000   0.000   0.000   0.000   0.000   0.000   0.000   0.000   0.000
   0.000   0.000   0.000   0.000   0.000   0.000   0.485   0.775   0.289   0.266   0.303   0.000   0.000   0.000   0.000   0.000   0.000   0.000   0.485   0.775   0.289   0.266   0.303   0.000
   0.000   0.000   0.000   0.710   0.000   0.000   0.000   0.000   0.031   0.196   0.110   0.136   0.000   0.000   0.000   0.710   0.000   0.000   0.000   0.000   0.031   0.196   0.110   0.136
   0.000   0.000   0.991   0.000   0.000   0.000   0.170   0.157   0.277   0.155   0.323   0.285   0.000   0.000   0.991   0.000   0.000   0.000   0.170   0.157   0.277   0.155   0.323   0.285
   0.000   0.117   0.515   0.165   0.000   0.007   0.376   0.323   0.392   0.491   0.298   0.000   0.000   0.117   0.515   0.165   0.000   0.007   0.376   0.323   0.392   0.491   0.298   0.000
   0.000   0.293   0.244   0.287   0.428   0.072   0.318   0.148   0.366   0.036   0.000   0.000   0.000   0.293   0.244   0.287   0.428   0.072   0.318   0.148   0.366   0.036   0.000   0.000
   0.054   2.233   0.988   0.036   0.508   0.310   0.252   0.549   0.417   0.193   0.141   0.000   0.054   2.233   0.988   0.036   0.508   0.310   0.252   0.549   0.417   0.193   0.141   0.000
   1.017   0.823   0.050   0.387   0.417   0.104   0.179   0.172   0.000   0.008   0.159   0.000   1.017   0.823   0.050   0.387   0.417   0.104   0.179   0.172   0.000   0.008   0.159   0.000
   0.000   0.000   0.037   0.148   0.335   0.061   0.493   0.174   0.178   0.183   0.164   0.000   0.000   0.000   0.037   0.148   0.335   0.061   0.493   0.174   0.178   0.183   0.164   0.000
   0.248   0.165   0.410   0.228   0.054   0.030   0.124   0.161   0.093   0.318   0.058   0.078   0.248   0.165   0.410   0.228   0.054   0.030   0.124   0.161   0.093   0.318   0.058   0.078
   0.384   0.093   0.297   0.175   0.103   0.079   0.078   0.279   0.036   0.050   0.078   0.167   0.384   0.093   0.297   0.175   0.103   0.079   0.078   0.279   0.036   0.050   0.078   0.167
   0.000   0.000   0.207   0.170   0.120   0.183   0.174   0.148   0.046   0.083   0.063   0.145   0.000   0.000   0.207   0.170   0.120   0.183   0.174   0.148   0.046   0.083   0.063   0.145
   0.114   0.263   0.166   0.096   0.055   0.108   0.148   0.158   0.129   0.189   0.168   0.144   0.114   0.263   0.166   0.096   0.055   0.108   0.148   0.158   0.129   0.189   0.168   0.144
   0.019   0.000   0.102   0.149   0.154   0.173   0.057   0.078   0.108   0.123   0.136   0.226   0.019   0.000   0.102   0.149   0.154   0.173   0.057   0.078   0.108   0.123   0.136   0.226
   0.194   0.090   0.082   0.074   0.078   0.114   0.078   0.045   0.084   0.089   0.139   0.158   0.194   0.090   0.082   0.074   0.078   0.114   0.078   0.045   0.084   0.089   0.139   0.158
   0.000   0.000   0.021   0.082   0.094   0.091   0.160   0.065   0.125   0.035   0.128   0.071   0.000   0.000   0.021   0.082   0.094   0.091   0.160   0.065   0.125   0.035   0.128   0.071
   0.000   0.000   0.000   0.049   0.029   0.047   0.032   0.024   0.060   0.064   0.048   0.076   0.000   0.000   0.000   0.049   0.029   0.047   0.032   0.024   0.060   0.064   0.048   0.076
   0.000   0.000   0.000   0.000   0.000   0.000   0.000   0.000   0.000   0.000   0.000   0.000   0.000   0.000   0.000   0.000   0.000   0.000   0.000   0.000   0.000   0.000   0.000   0.000
   0.000   0.000   0.000   0.000   0.000   0.000   0.000   0.000   0.000   0.000   0.000   0.000   0.000   0.000   0.000   0.000   0.000   0.000   0.000   0.000   0.000   0.000   0.000   0.000
   0.000   0.000   0.000   0.000   0.000   0.000   0.000   0.000   0.000   0.000   0.000   0.000   0.000   0.000   0.000   0.000   0.000   0.000   0.000   0.000   0.000   0.000   0.000   0.000
   0.000   0.000   0.000   0.000   0.000   0.000   0.000   0.000   0.000   0.000   0.000   0.000   0.000   0.000   0.000   0.000   0.000   0.000   0.000   0.000   0.000   0.000   0.000   0.000
   0.000   0.000   0.000   0.000   0.000   0.000   0.000   0.000   0.000   0.000   0.000   0.000   0.000   0.000   0.000   0.000   0.000   0.000   0.000   0.000   0.000   0.000   0.000   0.000
202411010500    10.284    -8.619     1.031     0.000     0.000     0.000     0.000
   0.000   0.000   0.000   0.000   0.000   0.000   0.000   0.000   0.000   0.000   0.000   0.000   0.000   0.000   0.000   0.000   0.000   0.000   0.000   0.000   0.000   0.000   0.000   0.000
   0.000   0.000   0.000   0.000   0.000   0.000   0.000   0.000   0.000   0.000   0.000   0.000   0.000   0.000   0.000   0.000   0.000   0.000   0.000   0.000   0.000   0.000   0.000   0.000
   0.000   0.000   0.000   0.000   0.000   0.000   0.000   0.000   0.000   0.000   0.000   0.000   0.000   0.000   0.000   0.000   0.000   0.000   0.000   0.000   0.000   0.000   0.000   0.000
   0.000   0.000   0.000   0.000   0.000   0.000   0.000   0.000   0.000   0.000   0.000   0.000   0.000   0.000   0.000   0.000   0.000   0.000   0.000   0.000   0.000   0.000   0.000   0.000
   0.000   0.000   0.000   0.367   0.856   0.386   1.205   0.133   0.163   0.241   0.000   0.000   0.000   0.000   0.000   0.367   0.856   0.386   1.205   0.133   0.163   0.241   0.000   0.000
   0.000   0.000   0.000   0.000   0.181   0.384   0.414   0.299   0.000   0.000   0.125   0.000   0.000   0.000   0.000   0.000   0.181   0.384   0.414   0.299   0.000   0.000   0.125   0.000
   0.506   0.267   0.335   0.331   0.000   0.032   0.255   0.000   0.000   0.049   0.412   1.002   0.506   0.267   0.335   0.331   0.000   0.032   0.255   0.000   0.000   0.049   0.412   1.002
   0.000   0.055   0.688   0.301   0.567   0.572   0.086   0.401   0.008   0.000   0.070   0.000   0.000   0.055   0.688   0.301   0.567   0.572   0.086   0.401   0.008   0.000   0.070   0.000
   0.059   1.503   0.545   0.480   0.190   0.324   0.463   0.037   0.016   0.000   0.232   0.567   0.059   1.503   0.545   0.480   0.190   0.324   0.463   0.037   0.016   0.000   0.232   0.567
   1.135   2.387   0.016   0.386   0.052   0.000   0.000   0.000   0.024   0.000   0.000   1.227   1.135   2.387   0.016   0.386   0.052   0.000   0.000   0.000   0.024   0.000   0.000   1.227
   0.490   1.237   0.021   0.129   0.023   0.234   0.000   0.000   0.000   0.071   0.000   0.047   0.490   1.237   0.021   0.129   0.023   0.234   0.000   0.000   0.000   0.071   0.000   0.047
   0.093   0.000   0.000   0.086   0.333   0.294   0.200   0.135   0.114   0.000   0.000   0.447   0.093   0.000   0.000   0.086   0.333   0.294   0.200   0.135   0.114   0.000   0.000   0.447
   0.983   0.036   0.346   0.102   0.190   0.222   0.098   0.148   0.075   0.076   0.172   0.118   0.983   0.036   0.346   0.102   0.190   0.222   0.098   0.148   0.075   0.076   0.172   0.118
   0.000   0.000   0.080   0.107   0.192   0.012   0.102   0.054   0.045   0.095   0.187   0.164   0.000   0.000   0.080   0.107   0.192   0.012   0.102   0.054   0.045   0.095   0.187   0.164
   0.000   0.000   0.000   0.121   0.040   0.137   0.085   0.086   0.118   0.105   0.128   0.162   0.000   0.000   0.000   0.121   0.040   0.137   0.085   0.086   0.118   0.105   0.128   0.162
   0.080   0.187   0.114   0.143   0.057   0.111   0.127   0.185   0.124   0.041   0.168   0.145   0.080   0.187   0.114   0.143   0.057   0.111   0.127   0.185   0.124   0.041   0.168   0.145
   0.152   0.155   0.156   0.037   0.083   0.101   0.085   0.014   0.066   0.135   0.094   0.106   0.152   0.155   0.156   0.037   0.083   0.101   0.085   0.014   0.066   0.135   0.094   0.106
   0.012   0.082   0.116   0.117   0.066   0.078   0.096   0.090   0.100   0.110   0.117   0.097   0.012   0.082   0.116   0.117   0.066   0.078   0.096   0.090   0.100   0.110   0.117   0.097
   0.163   0.131   0.102   0.069   0.025   0.039   0.042   0.039   0.059   0.071   0.108   0.095   0.163   0.131   0.102   0.069   0.025   0.039   0.042   0.039   0.059   0.071   0.108   0.095
   0.117   0.040   0.063   0.070   0.064   0.024   0.033   0.048   0.016   0.024   0.066   0.050   0.117   0.040   0.063   0.070   0.064   0.024   0.033   0.048   0.016   0.024   0.066   0.050
   0.000   0.000   0.000   0.000   0.000   0.000   0.000   0.000   0.000   0.000   0.000   0.000   0.000   0.000   0.000   0.000   0.000   0.000   0.000   0.000   0.000   0.000   0.000   0.000
   0.000   0.000   0.000   0.000   0.000   0.000   0.000   0.000   0.000   0.000   0.000   0.000   0.000   0.000   0.000   0.000   0.000   0.000   0.000   0.000   0.000   0.000   0.000   0.000
   0.000   0.000   0.000   0.000   0.000   0.000   0.000   0.000   0.000   0.000   0.000   0.000   0.000   0.000   0.000   0.000   0.000   0.000   0.000   0.000   0.000   0.000   0.000   0.000
   0.000   0.000   0.000   0.000   0.000   0.000   0.000   0.000   0.000   0.000   0.000   0.000   0.000   0.000   0.000   0.000   0.000   0.000   0.000   0.000   0.000   0.000   0.000   0.000
   0.000   0.000   0.000   0.000   0.000   0.000   0.000   0.000   0.000   0.000   0.000   0.000   0.000   0.000   0.000   0.000   0.000   0.000   0.000   0.000   0.000   0.000   0.000   0.000
202411010500    11.050    -8.800     1.032     0.000     0.000     0.000     0.000
   0.000   0.000   0.000   0.000   0.000   0.000   0.000   0.000   0.000   0.000   0.000   0.000   0.000   0.000   0.000   0.000   0.000   0.000   0.000   0.000   0.000   0.000   0.000   0.000
   0.000   0.000   0.000   0.000   0.000   0.000   0.000   0.000   0.000   0.000   0.000   0.000   0.000   0.000   0.000   0.000   0.000   0.000   0.000   0.000   0.000   0.000   0.000   0.000
   0.000   0.000   0.000   0.000   0.000   0.000   0.000   0.000   0.000   0.000   0.000   0.000   0.000   0.000   0.000   0.000   0.000   0.000   0.000   0.000   0.000   0.000   0.000   0.000
   0.000   0.000   0.000   0.000   0.000   0.000   0.000   0.000   0.000   0.000   0.000   0.000   0.000   0.000   0.000   0.000   0.000   0.000   0.000   0.000   0.000   0.000   0.000   0.000
   0.000   0.000   0.000   0.000   0.000   0.000   0.451   0.458   0.316   0.135   0.622   0.024   0.000   0.000   0.000   0.000   0.000   0.000   0.451   0.458   0.316   0.135   0.622   0.024
   0.000   0.000   0.400   0.338   0.000   0.013   0.000   0.000   0.000   0.165   0.554   0.000   0.000   0.000   0.400   0.338   0.000   0.013   0.000   0.000   0.000   0.165   0.554   0.000
   0.000   0.000   0.505   0.241   0.335   0.134   0.000   0.000   0.000   0.372   0.574   0.000   0.000   0.000   0.505   0.241   0.335   0.134   0.000   0.000   0.000   0.372   0.574   0.000
   0.000   0.000   0.000   0.367   0.745   0.408   0.248   0.000   0.000   0.000   0.000   0.103   0.000   0.000   0.000   0.367   0.745   0.408   0.248   0.000   0.000   0.000   0.000   0.103
   0.000   0.000   0.147   0.549   0.440   0.291   0.000   0.013   0.000   0.000   0.000   0.000   0.000   0.000   0.147   0.549   0.440   0.291   0.000   0.013   0.000   0.000   0.000   0.000
   0.060   1.529   1.174   0.490   0.072   0.011   0.154   0.204   0.010   0.000   0.002   0.000   0.060   1.529   1.174   0.490   0.072   0.011   0.154   0.204   0.010   0.000   0.002   0.000
   0.083   2.380   0.044   0.151   0.061   0.257   0.178   0.210   0.013   0.201   0.259   0.000   0.083   2.380   0.044   0.151   0.061   0.257   0.178   0.210   0.013   0.201   0.259   0.000
   0.343   0.776   0.280   0.127   0.329   0.173   0.037   0.224   0.210   0.356   0.145   0.000   0.343   0.776   0.280   0.127   0.329   0.173   0.037   0.224   0.210   0.356   0.145   0.000
   0.404   0.293   0.128   0.260   0.193   0.156   0.170   0.131   0.275   0.198   0.191   0.000   0.404   0.293   0.128   0.260   0.193   0.156   0.170   0.131   0.275   0.198   0.191   0.000
   0.192   0.074   0.171   0.180   0.097   0.087   0.236   0.235   0.263   0.089   0.066   0.006   0.192   0.074   0.171   0.180   0.097   0.087   0.236   0.235   0.263   0.089   0.066   0.006
   0.176   0.186   0.320   0.099   0.128   0.169   0.162   0.237   0.166   0.080   0.094   0.178   0.176   0.186   0.320   0.099   0.128   0.169   0.162   0.237   0.166   0.080   0.094   0.178
   0.035   0.000   0.103   0.213   0.181   0.106   0.132   0.110   0.096   0.088   0.180   0.157   0.035   0.000   0.103   0.213   0.181   0.106   0.132   0.110   0.096   0.088   0.180   0.157
   0.095   0.274   0.101   0.177   0.057   0.122   0.109   0.099   0.163   0.154   0.160   0.127   0.095   0.274   0.101   0.177   0.057   0.122   0.109   0.099   0.163   0.154   0.160   0.127
   0.150   0.085   0.139   0.130   0.127   0.131   0.063   0.056   0.119   0.095   0.050   0.076   0.150   0.085   0.139   0.130   0.127   0.131   0.063   0.056   0.119   0.095   0.050   0.076
   0.136   0.147   0.112   0.146   0.048   0.100   0.073   0.071   0.119   0.035   0.105   0.094   0.136   0.147   0.112   0.146   0.048   0.100   0.073   0.071   0.119   0.035   0.105   0.094
   0.087   0.006   0.052   0.031   0.064   0.063   0.046   0.083   0.019   0.052   0.046   0.026   0.087   0.006   0.052   0.031   0.064   0.063   0.046   0.083   0.019   0.052   0.046   0.026
   0.000   0.000   0.000   0.000   0.000   0.000   0.000   0.000   0.000   0.000   0.000   0.000   0.000   0.000   0.000   0.000   0.000   0.000   0.000   0.000   0.000   0.000   0.000   0.000
   0.000   0.000   0.000   0.000   0.000   0.000   0.000   0.000   0.000   0.000   0.000   0.000   0.000   0.000   0.000   0.000   0.000   0.000   0.000   0.000   0.000   0.000   0.000   0.000
   0.000   0.000   0.000   0.000   0.000   0.000   0.000   0.000   0.000   0.000   0.000   0.000   0.000   0.000   0.000   0.000   0.000   0.000   0.000   0.000   0.000   0.000   0.000   0.000
   0.000   0.000   0.000   0.000   0.000   0.000   0.000   0.000   0.000   0.000   0.000   0.000   0.000   0.000   0.000   0.000   0.000   0.000   0.000   0.000   0.000   0.000   0.000   0.000
   0.000   0.000   0.000   0.000   0.000   0.000   0.000   0.000   0.000   0.000   0.000   0.000   0.000   0.000   0.000   0.000   0.000   0.000   0.000   0.000   0.000   0.000   0.000   0.000
202411010500    10.143    -9.295     1.041     0.000     0.000     0.000     0.000
   0.000   0.000   0.000   0.000   0.000   0.000   0.000   0.000   0.000   0.000   0.000   0.000   0.000   0.000   0.000   0.000   0.000   0.000   0.000   0.000   0.000   0.000   0.000   0.000
   0.000   0.000   0.000   0.000   0.000   0.000   0.000   0.000   0.000   0.000   0.000   0.000   0.000   0.000   0.000   0.000   0.000   0.000   0.000   0.000   0.000   0.000   0.000   0.000
   0.000   0.000   0.000   0.000   0.000   0.000   0.000   0.000   0.000   0.000   0.000   0.000   0.000   0.000   0.000   0.000   0.000   0.000   0.000   0.000   0.000   0.000   0.000   0.000
   0.000   0.000   0.000   0.000   0.000   0.000   0.000   0.000   0.000   0.000   0.000   0.000   0.000   0.000   0.000   0.000   0.000   0.000   0.000   0.000   0.000   0.000   0.000   0.000
   0.000   0.000   0.000   0.590   0.564   0.663   0.388   0.662   0.503   0.039   0.000   0.000   0.000   0.000   0.000   0.590   0.564   0.663   0.388   0.662   0.503   0.039   0.000   0.000
   0.000   0.000   0.000   0.301   0.747   0.167   0.661   0.793   0.378   0.000   0.000   0.000   0.000   0.000   0.000   0.301   0.747   0.167   0.661   0.793   0.378   0.000   0.000   0.000
   0.000   0.000   0.662   0.105   0.288   0.000   0.000   0.235   0.000   0.267   0.000   0.000   0.000   0.000   0.662   0.105   0.288   0.000   0.000   0.235   0.000   0.267   0.000   0.000
   0.000   0.000   1.098   0.124   0.368   0.177   0.000   0.018   0.000   0.174   0.058   0.000   0.000   0.000   1.098   0.124   0.368   0.177   0.000   0.018   0.000   0.174   0.058   0.000
   0.000   0.000   0.000   0.220   0.087   0.020   0.002   0.100   0.102   0.134   0.020   0.107   0.000   0.000   0.000   0.220   0.087   0.020   0.002   0.100   0.102   0.134   0.020   0.107
   2.208   0.161   0.000   0.115   0.123   0.003   0.009   0.328   0.189   0.321   0.083   0.912   2.208   0.161   0.000   0.115   0.123   0.003   0.009   0.328   0.189   0.321   0.083   0.912
   1.868   0.000   0.000   0.261   0.141   0.100   0.329   0.184   0.013   0.069   0.174   0.000   1.868   0.000   0.000   0.261   0.141   0.100   0.329   0.184   0.013   0.069   0.174   0.000
   0.851   0.680   0.032   0.118   0.169   0.195   0.036   0.247   0.213   0.000   0.000   0.634   0.851   0.680   0.032   0.118   0.169   0.195   0.036   0.247   0.213   0.000   0.000   0.634
   0.563   0.480   0.000   0.209   0.084   0.212   0.254   0.057   0.168   0.170   0.071   0.564   0.563   0.480   0.000   0.209   0.084   0.212   0.254   0.057   0.168   0.170   0.071   0.564
   0.028   0.215   0.056   0.158   0.130   0.052   0.102   0.030   0.090   0.191   0.252   0.479   0.028   0.215   0.056   0.158   0.130   0.052   0.102   0.030   0.090   0.191   0.252   0.479
   0.000   0.000   0.000   0.045   0.130   0.104   0.088   0.137   0.089   0.117   0.113   0.275   0.000   0.000   0.000   0.045   0.130   0.104   0.088   0.137   0.089   0.117   0.113   0.275
   0.000   0.000   0.000   0.089   0.053   0.119   0.105   0.071   0.082   0.145   0.102   0.053   0.000   0.000   0.000   0.089   0.053   0.119   0.105   0.071   0.082   0.145   0.102   0.053
   0.101   0.083   0.051   0.096   0.093   0.075   0.037   0.075   0.072   0.095   0.077   0.147   0.101   0.083   0.051   0.096   0.093   0.075   0.037   0.075   0.072   0.095   0.077   0.147
   0.195   0.138   0.046   0.061   0.058   0.070   0.087   0.085   0.092   0.101   0.093   0.126   0.195   0.138   0.046   0.061   0.058   0.070   0.087   0.085   0.092   0.101   0.093   0.126
   0.047   0.112   0.053   0.077   0.052   0.037   0.036   0.040   0.090   0.030   0.051   0.113   0.047   0.112   0.053   0.077   0.052   0.037   0.036   0.040   0.090   0.030   0.051   0.113
   0.000   0.091   0.039   0.062   0.032   0.028   0.051   0.042   0.057   0.030   0.035   0.036   0.000   0.091   0.039   0.062   0.032   0.028   0.051   0.042   0.057   0.030   0.035   0.036
   0.000   0.000   0.000   0.000   0.000   0.000   0.000   0.000   0.000   0.000   0.000   0.000   0.000   0.000   0.000   0.000   0.000   0.000   0.000   0.000   0.000   0.000   0.000   0.000
   0.000   0.000   0.000   0.000   0.000   0.000   0.000   0.000   0.000   0.000   0.000   0.000   0.000   0.000   0.000   0.000   0.000   0.000   0.000   0.000   0.000   0.000   0.000   0.000
   0.000   0.000   0.000   0.000   0.000   0.000   0.000   0.000   0.000   0.000   0.000   0.000   0.000   0.000   0.000   0.000   0.000   0.000   0.000   0.000   0.000   0.000   0.000   0.000
   0.000   0.000   0.000   0.000   0.000   0.000   0.000   0.000   0.000   0.000   0.000   0.000   0.000   0.000   0.000   0.000   0.000   0.000   0.000   0.000   0.000   0.000   0.000   0.000
   0.000   0.000   0.000   0.000   0.000   0.000   0.000   0.000   0.000   0.000   0.000   0.000   0.000   0.000   0.000   0.000   0.000   0.000   0.000   0.000   0.000   0.000   0.000   0.000
202411010500    10.911    -9.484     1.042     0.000     0.000     0.000     0.000
   0.000   0.000   0.000   0.000   0.000   0.000   0.000   0.000   0.000   0.000   0.000   0.000   0.000   0.000   0.000   0.000   0.000   0.000   0.000   0.000   0.000   0.000   0.000   0.000
   0.000   0.000   0.000   0.000   0.000   0.000   0.000   0.000   0.000   0.000   0.000   0.000   0.000   0.000   0.000   0.000   0.000   0.000   0.000   0.000   0.000   0.000   0.000   0.000
   0.000   0.000   0.000   0.000   0.000   0.000   0.000   0.000   0.000   0.000   0.000   0.000   0.000   0.000   0.000   0.000   0.000   0.000   0.000   0.000   0.000   0.000   0.000   0.000
   0.000   0.000   0.000   0.000   0.000   0.000   0.000   0.000   0.000   0.000   0.000   0.000   0.000   0.000   0.000   0.000   0.000   0.000   0.000   0.000   0.000   0.000   0.000   0.000
   0.000   0.000   0.000   0.088   0.000   0.278   0.530   0.933   0.130   0.050   0.328   0.168   0.000   0.000   0.000   0.088   0.000   0.278   0.530   0.933   0.130   0.050   0.328   0.168
   0.000   1.301   0.624   0.200   0.000   0.000   0.652   0.442   0.484   0.000   0.000   0.000   0.000   1.301   0.624   0.200   0.000   0.000   0.652   0.442   0.484   0.000   0.000   0.000
   0.000   0.030   0.489   0.649   0.037   0.307   0.492   0.519   0.229   0.100   0.000   0.050   0.000   0.030   0.489   0.649   0.037   0.307   0.492   0.519   0.229   0.100   0.000   0.050
   0.549   0.239   0.949   0.295   0.310   0.145   0.409   0.281   0.000   0.000   0.260   0.183   0.549   0.239   0.949   0.295   0.310   0.145   0.409   0.281   0.000   0.000   0.260   0.183
   1.149   0.000   0.544   0.339   0.000   0.000   0.069   0.043   0.000   0.000   0.170   0.414   1.149   0.000   0.544   0.339   0.000   0.000   0.069   0.043   0.000   0.000   0.170   0.414
   0.051   0.118   0.000   0.038   0.000   0.370   0.167   0.150   0.000   0.000   0.008   0.241   0.051   0.118   0.000   0.038   0.000   0.370   0.167   0.150   0.000   0.000   0.008   0.241
   2.335   0.835   0.000   0.222   0.000   0.124   0.160   0.016   0.409   0.351   0.197   0.000   2.335   0.835   0.000   0.222   0.000   0.124   0.160   0.016   0.409   0.351   0.197   0.000
   0.000   0.218   0.000   0.117   0.247   0.246   0.127   0.026   0.236   0.093   0.117   0.000   0.000   0.218   0.000   0.117   0.247   0.246   0.127   0.026   0.236   0.093   0.117   0.000
   0.477   0.471   0.054   0.053   0.065   0.121   0.064   0.079   0.203   0.017   0.000   0.246   0.477   0.471   0.054   0.053   0.065   0.121   0.064   0.079   0.203   0.017   0.000   0.246
   0.000   0.000   0.000   0.182   0.142   0.112   0.190   0.131   0.165   0.032   0.102   0.146   0.000   0.000   0.000   0.182   0.142   0.112   0.190   0.131   0.165   0.032   0.102   0.146
   0.397   0.140   0.230   0.126   0.079   0.119   0.086   0.048   0.116   0.120   0.112   0.143   0.397   0.140   0.230   0.126   0.079   0.119   0.086   0.048   0.116   0.120   0.112   0.143
   0.193   0.232   0.129   0.158   0.095   0.068   0.083   0.102   0.021   0.103   0.114   0.148   0.193   0.232   0.129   0.158   0.095   0.068   0.083   0.102   0.021   0.103   0.114   0.148
   0.108   0.089   0.187   0.108   0.092   0.111   0.066   0.091   0.060   0.051   0.079   0.125   0.108   0.089   0.187   0.108   0.092   0.111   0.066   0.091   0.060   0.051   0.079   0.125
   0.202   0.083   0.122   0.063   0.074   0.047   0.033   0.069   0.085   0.070   0.076   0.046   0.202   0.083   0.122   0.063   0.074   0.047   0.033   0.069   0.085   0.070   0.076   0.046
   0.084   0.056   0.069   0.104   0.108   0.036   0.047   0.056   0.063   0.085   0.086   0.056   0.084   0.056   0.069   0.104   0.108   0.036   0.047   0.056   0.063   0.085   0.086   0.056
   0.116   0.161   0.000   0.043   0.040   0.099   0.033   0.061   0.039   0.041   0.065   0.054   0.116   0.161   0.000   0.043   0.040   0.099   0.033   0.061   0.039   0.041   0.065   0.054
   0.000   0.000   0.000   0.000   0.000   0.000   0.000   0.000   0.000   0.000   0.000   0.000   0.000   0.000   0.000   0.000   0.000   0.000   0.000   0.000   0.000   0.000   0.000   0.000
   0.000   0.000   0.000   0.000   0.000   0.000   0.000   0.000   0.000   0.000   0.000   0.000   0.000   0.000   0.000   0.000   0.000   0.000   0.000   0.000   0.000   0.000   0.000   0.000
   0.000   0.000   0.000   0.000   0.000   0.000   0.000   0.000   0.000   0.000   0.000   0.000   0.000   0.000   0.000   0.000   0.000   0.000   0.000   0.000   0.000   0.000   0.000   0.000
   0.000   0.000   0.000   0.000   0.000   0.000   0.000   0.000   0.000   0.000   0.000   0.000   0.000   0.000   0.000   0.000   0.000   0.000   0.000   0.000   0.000   0.000   0.000   0.000
   0.000   0.000   0.000   0.000   0.000   0.000   0.000   0.000   0.000   0.000   0.000   0.000   0.000   0.000   0.000   0.000   0.000   0.000   0.000   0.000   0.000   0.000   0.000   0.000
